1978 11.2022 138.489 0.705162 -0.36174
1979 18.4902 136.185 0.781577 -0.378512
1980 14.1541 206.289 0.716241 0.0367509
1981 26.2066 207.242 0.760274 0.0413595
1982 23.4461 194.74 0.811219 -0.0208617
1983 17.2563 189.609 0.77153 -0.0475627
1984 19.8007 193.811 0.708651 -0.0256429
1985 26.0737 156.664 0.750676 -0.238428
1986 19.0878 131.635 0.735827 -0.412495
1987 16.6814 177.517 0.778933 -0.113463
1988 17.9859 169.272 0.88237 -0.161019
1989 9.22835 205.145 0.756006 0.0311861
1990 21.9135 204.466 0.789751 0.0278732
1991 19.9405 208.883 0.857696 0.0492455
1992 13.6421 202.461 0.881586 0.0180168
1993 10.7208 231.893 0.848884 0.153749
1994 15.36 269.232 0.877121 0.303045
1995 14.6509 274.728 0.753013 0.323254
1996 29.9436 333.53 0.867357 0.517205
1997 20.1986 282.914 0.868228 0.352613
1998 16.7336 345.736 0.801006 0.553148
1999 30.2188 277.744 0.877779 0.334172
2000 15.7692 210.998 0.840617 0.0593193
2001 15.1421 186.949 0.743833 -0.0616954
2002 21.6887 177.394 0.886115 -0.114154
2003 9.49868 242.003 0.796556 0.196422
2004 21.4363 167.028 0.85054 -0.174366
2005 11.801 152.465 0.72927 -0.265595
2006 18.6315 120.673 0.857433 -0.499449
2007 8.32046 140.223 0.679596 -0.349296
2008 19.9395 249.498 0.575848 0.226922
1978 0.916929 0.914913 2.89502 2.53338
1979 1.51348 1.525 2.84687 2.87849
1980 1.15856 1.15258 4.31235 3.36639
1981 2.14509 2.19201 4.33227 5.83685
1982 1.91913 1.89887 4.07093 5.41929
1983 1.41248 1.39973 3.96367 4.99789
1984 1.62074 1.61058 4.05151 5.58233
1985 2.13421 2.12976 3.27496 5.95419
1986 1.56239 1.50904 2.75175 2.94163
1987 1.36542 1.36657 3.71088 5.14478
1988 1.4722 1.46155 3.53854 5.61609
1989 0.755367 0.74263 4.28842 2.75811
1990 1.79368 1.82796 4.27424 3.76242
1991 1.63218 1.62043 4.36657 2.3371
1992 1.11664 1.12967 4.23232 2.46079
1993 0.877529 0.888389 4.84759 4.36923
1994 1.25726 1.25659 5.62813 4.34099
1995 1.19921 1.20469 5.74303 4.95755
1996 2.45097 2.4693 6.97225 7.32062
1997 1.65331 1.64931 5.91414 5.82907
1998 1.36969 1.35775 7.22741 3.08415
1999 2.47349 2.56536 5.80607 6.15643
2000 1.29075 1.27628 4.41078 2.45452
2001 1.23943 1.26467 3.90805 4.04842
2002 1.77528 1.79088 3.70832 6.00545
2003 0.777494 0.76398 5.05893 2.96014
2004 1.75462 1.81655 3.49162 5.66345
2005 0.965943 0.952481 3.18718 3.96664
2006 1.52504 1.52801 2.52259 4.23076
2007 0.681053 0.670313 2.93127 3.53975
2008 1.6321 1.60812 5.2156 5.12494
