# Number of parameters = 95  Objective function value = 3233.18  Maximum gradient component = 0.00105338
# log_vbk:
-1.73971458486
# log_lfirst:
4.19969913356
# log_dl:
5.01006006682
# log_lam1:
1.44038071029
# log_lam2:
-1.61734352286
# log_tau:
-0.693147180560
# log_npage:
 0.0486259423801 -2.46733609068 -9.99525120318 -9.99990127764 -9.99523834776 -9.91899008407 0.509762891290 -9.67106687349 1.06514083262
 -0.548829857165 -2.45749221416 -5.82207470791 -2.53811054891 -2.50050575541 -1.48228646065 -9.99798092569 -2.20410454402 -2.95236350768
 -0.619506321405 -9.96051936386 -9.99973053379 -9.66304124267 -9.38322371761 -2.65357282006 0.945021582276 -9.22061279483 0.341881364972
 -0.0757491681227 -1.68475333329 -9.99996518224 -9.99934595352 -9.99630925668 -1.87060165057 -0.0122005265887 -8.58718598004 -0.320372017143
 -0.396011861134 -2.27580473306 -3.81673734288 -3.38980363180 -2.46429687664 -3.96177307240 -2.27336120254 -9.67296303000 -9.98438367762
 -9.99969977064 -0.930906207131 -0.635301598495 -0.102441288074 0.0583063544040 -0.797946840509 -0.779779738064 -2.17849449694 -9.73722252167
 -3.35834810024 -9.99986152275 -9.99998772974 -9.99978538087 -9.99967424086 -9.89816144299 -0.235985754169 -9.91260254881 -2.27944279614
 2.69326041634 0.829995585913 -9.96977788797 -9.71044085534 -9.02745422476 2.67463761086 1.65964641069 -0.397939638362 1.83082433532
 -0.146523538666 -1.68998678454 -3.71207052249 -9.95198473049 -3.06811887550 -2.58360027471 -9.70687080790 -2.17125874986 -1.48456571571
 1.43461315116 -9.81717602865 -9.99929684824 -9.99907894225 -9.99605000746 -9.99245705956 0.102245143617 -9.93883852220 -0.818720446291
