# Number of parameters = 95  Objective function value = 3233.18  Maximum gradient component = 0.000259747
# log_vbk:
-1.73937182976
# log_lfirst:
4.19968770820
# log_dl:
5.00998918653
# log_lam1:
1.44052767069
# log_lam2:
-1.61611854559
# log_tau:
-0.693147180560
# log_npage:
 0.0486970325490 -2.46735445250 -9.99984447485 -9.99990248118 -9.99993789019 -9.99933815148 0.507036425911 -9.96864876290 1.06664483696
 -0.548800363445 -2.45753013101 -5.82445572734 -2.53844402409 -2.50262288254 -1.48179176868 -9.82657447371 -2.20655972276 -2.94537047291
 -0.619339118680 -9.99840106097 -9.99971379532 -9.99518180646 -9.99994769185 -2.68248588790 0.944904351112 -9.95227920468 0.343722029550
 -0.0756875099515 -1.68474705551 -9.99991818736 -9.99977669463 -9.99984729499 -1.87885223684 -0.0120669339246 -9.32255620177 -0.318779725199
 -0.395982761995 -2.27584860600 -3.81691697797 -3.39149533166 -2.46352602590 -3.97260214835 -2.27132397904 -9.99967136334 -9.99473652927
 -9.99990041982 -0.930972364808 -0.635443167104 -0.102863632987 0.0583898067983 -0.798449353843 -0.779361341213 -2.17524024965 -9.97705958702
 -3.35848660098 -9.99995323157 -9.99994113987 -9.99996865369 -9.99995419171 -9.99957174332 -0.236443553747 -9.32990804841 -2.27520366269
 2.69365003575 0.830159899127 -9.99991585504 -9.98849374784 -9.99858496168 2.66252767213 1.75647289339 -7.82218987881 1.88237328639
 -0.146501791191 -1.69007145332 -3.71170522783 -9.94423101351 -3.07155158305 -2.58113798576 -9.99572105151 -2.18194809876 -1.47924498091
 1.43467312528 -9.91749907406 -9.99980059220 -9.99973783066 -9.99989946443 -9.99464257259 0.101425129319 -9.98787951759 -0.816236343920
